0	0.02652	0	0.01697	0	0.01322	0	0.03401	0	0.02204	0	0.0208	0	0.02178	0	0.01881	0	0.02214
0.01	0.04258	0.01	0.04089	0.01	0.03822	0.01	0.05865	0.01	0.04917	0.01	0.04704	0.01	0.04721	0.01	0.04236	0.01	0.04631
0.03	0.05751	0.03	0.0636	0.03	0.06228	0.03	0.08248	0.03	0.07542	0.03	0.07257	0.03	0.07206	0.03	0.06554	0.03	0.07003
0.04	0.07135	0.04	0.08515	0.04	0.08544	0.04	0.10554	0.04	0.10083	0.04	0.09742	0.04	0.09635	0.04	0.08835	0.04	0.09332
0.06	0.08415	0.06	0.10556	0.06	0.10771	0.06	0.12785	0.06	0.12542	0.06	0.12159	0.06	0.12009	0.06	0.11079	0.06	0.11619
0.07	0.09595	0.07	0.12488	0.07	0.12913	0.07	0.14942	0.07	0.14922	0.07	0.14512	0.07	0.14329	0.07	0.13287	0.07	0.13865
0.09	0.10679	0.09	0.14315	0.09	0.14971	0.09	0.17027	0.09	0.17224	0.09	0.16802	0.09	0.16596	0.09	0.15459	0.09	0.16071
0.1	0.1167	0.1	0.1604	0.1	0.16947	0.1	0.19043	0.1	0.19451	0.1	0.19029	0.1	0.18812	0.1	0.17595	0.1	0.18237
0.12	0.12573	0.12	0.17667	0.12	0.18845	0.12	0.20992	0.12	0.21605	0.12	0.21196	0.12	0.20977	0.12	0.19697	0.12	0.20365
0.14	0.13391	0.14	0.19199	0.14	0.20666	0.14	0.22875	0.14	0.23688	0.14	0.23305	0.14	0.23093	0.14	0.21764	0.14	0.22455
0.15	0.14129	0.15	0.20639	0.15	0.22413	0.15	0.24695	0.15	0.25703	0.15	0.25357	0.15	0.25161	0.15	0.23797	0.15	0.24508
0.16	0.1479	0.16	0.21992	0.16	0.24087	0.16	0.26453	0.16	0.27652	0.16	0.27354	0.16	0.27182	0.16	0.25797	0.16	0.26525
0.18	0.15377	0.18	0.2326	0.18	0.25691	0.18	0.28152	0.18	0.29537	0.18	0.29296	0.18	0.29157	0.18	0.27764	0.18	0.28507
0.2	0.15894	0.2	0.24447	0.2	0.27228	0.2	0.29792	0.2	0.3136	0.2	0.31186	0.2	0.31087	0.2	0.29697	0.2	0.30455
0.21	0.16345	0.21	0.25555	0.21	0.28698	0.21	0.31376	0.21	0.33123	0.21	0.33026	0.21	0.32973	0.21	0.31599	0.21	0.3237
0.22	0.16733	0.22	0.26589	0.22	0.30105	0.22	0.32906	0.22	0.34828	0.22	0.34816	0.22	0.34817	0.22	0.33469	0.22	0.34252
0.24	0.17061	0.24	0.2755	0.24	0.3145	0.24	0.34383	0.24	0.36477	0.24	0.36558	0.24	0.36619	0.24	0.35308	0.24	0.36102
0.26	0.17332	0.26	0.28443	0.26	0.32735	0.26	0.3581	0.26	0.38072	0.26	0.38253	0.26	0.3838	0.26	0.37115	0.26	0.3792
0.27	0.1755	0.27	0.2927	0.27	0.33962	0.27	0.37187	0.27	0.39614	0.27	0.39903	0.27	0.40102	0.27	0.38892	0.27	0.39709
0.28	0.17718	0.28	0.30033	0.28	0.35134	0.28	0.38516	0.28	0.41106	0.28	0.41509	0.28	0.41785	0.28	0.40639	0.28	0.41468
0.3	0.17838	0.3	0.30736	0.3	0.36251	0.3	0.39799	0.3	0.4255	0.3	0.43072	0.3	0.4343	0.3	0.42357	0.3	0.43198
0.32	0.17914	0.32	0.31382	0.32	0.37316	0.32	0.41037	0.32	0.43946	0.32	0.44594	0.32	0.45038	0.32	0.44045	0.32	0.449
0.33	0.17948	0.33	0.31973	0.33	0.3833	0.33	0.42232	0.33	0.45297	0.33	0.46076	0.33	0.4661	0.33	0.45705	0.33	0.46574
0.34	0.17944	0.34	0.32511	0.34	0.39295	0.34	0.43386	0.34	0.46605	0.34	0.4752	0.34	0.48148	0.34	0.47336	0.34	0.48222
0.36	0.17903	0.36	0.33	0.36	0.40214	0.36	0.445	0.36	0.47871	0.36	0.48925	0.36	0.49651	0.36	0.48939	0.36	0.49843
0.38	0.17829	0.38	0.33441	0.38	0.41087	0.38	0.45574	0.38	0.49096	0.38	0.50295	0.38	0.51122	0.38	0.50515	0.38	0.51439
0.39	0.17723	0.39	0.33838	0.39	0.41917	0.39	0.46612	0.39	0.50283	0.39	0.51629	0.39	0.5256	0.39	0.52064	0.39	0.53011
0.4	0.17589	0.4	0.34192	0.4	0.42704	0.4	0.47613	0.4	0.51432	0.4	0.52928	0.4	0.53966	0.4	0.53587	0.4	0.54558
0.42	0.17429	0.42	0.34506	0.42	0.43451	0.42	0.4858	0.42	0.52546	0.42	0.54195	0.42	0.55342	0.42	0.55083	0.42	0.56081
0.43	0.17245	0.43	0.34782	0.43	0.44159	0.43	0.49513	0.43	0.53625	0.43	0.5543	0.43	0.56688	0.43	0.56554	0.43	0.57582
0.45	0.17039	0.45	0.35023	0.45	0.4483	0.45	0.50414	0.45	0.54671	0.45	0.56634	0.45	0.58006	0.45	0.57999	0.45	0.5906
0.46	0.16814	0.46	0.3523	0.46	0.45464	0.46	0.51284	0.46	0.55686	0.46	0.57808	0.46	0.59295	0.46	0.5942	0.46	0.60517
0.48	0.16571	0.48	0.35405	0.48	0.46064	0.48	0.52124	0.48	0.5667	0.48	0.58954	0.48	0.60556	0.48	0.60816	0.48	0.61952
0.49	0.16313	0.49	0.35551	0.49	0.46631	0.49	0.52935	0.49	0.57625	0.49	0.60071	0.49	0.61791	0.49	0.62188	0.49	0.63366
0.51	0.16041	0.51	0.35668	0.51	0.47166	0.51	0.53719	0.51	0.58553	0.51	0.61162	0.51	0.63	0.51	0.63536	0.51	0.64761
0.53	0.15758	0.53	0.35761	0.53	0.4767	0.53	0.54476	0.53	0.59453	0.53	0.62226	0.53	0.64184	0.53	0.64862	0.53	0.66135
0.54	0.15464	0.54	0.35829	0.54	0.48146	0.54	0.55208	0.54	0.60329	0.54	0.63266	0.54	0.65343	0.54	0.66164	0.54	0.67491
0.55	0.15163	0.55	0.35874	0.55	0.48593	0.55	0.55915	0.55	0.61179	0.55	0.64281	0.55	0.66479	0.55	0.67445	0.55	0.68828
0.57	0.14855	0.57	0.35899	0.57	0.49014	0.57	0.56599	0.57	0.62007	0.57	0.65272	0.57	0.67592	0.57	0.68703	0.57	0.70146
0.58	0.14541	0.58	0.35905	0.58	0.49409	0.58	0.57259	0.58	0.62812	0.58	0.66242	0.58	0.68682	0.58	0.6994	0.58	0.71447
0.6	0.14224	0.6	0.35893	0.6	0.49779	0.6	0.57899	0.6	0.63595	0.6	0.67189	0.6	0.6975	0.6	0.71156	0.6	0.72731
0.61	0.13905	0.61	0.35865	0.61	0.50126	0.61	0.58517	0.61	0.64359	0.61	0.68115	0.61	0.70797	0.61	0.72351	0.61	0.73998
0.63	0.13585	0.63	0.35823	0.63	0.50451	0.63	0.59115	0.63	0.65103	0.63	0.69021	0.63	0.71824	0.63	0.73526	0.63	0.75249
0.65	0.13265	0.65	0.35767	0.65	0.50755	0.65	0.59694	0.65	0.65828	0.65	0.69907	0.65	0.7283	0.65	0.74682	0.65	0.76483
0.66	0.12947	0.66	0.35699	0.66	0.51039	0.66	0.60255	0.66	0.66535	0.66	0.70775	0.66	0.73817	0.66	0.75818	0.66	0.77702
0.67	0.12631	0.67	0.3562	0.67	0.51303	0.67	0.60798	0.67	0.67225	0.67	0.71624	0.67	0.74786	0.67	0.76935	0.67	0.78906
0.69	0.12318	0.69	0.35532	0.69	0.51549	0.69	0.61323	0.69	0.67899	0.69	0.72456	0.69	0.75736	0.69	0.78033	0.69	0.80095
0.7	0.1201	0.7	0.35434	0.7	0.51777	0.7	0.61832	0.7	0.68558	0.7	0.7327	0.7	0.76668	0.7	0.79113	0.7	0.81269
0.72	0.11707	0.72	0.3533	0.72	0.51989	0.72	0.62326	0.72	0.69201	0.72	0.74068	0.72	0.77584	0.72	0.80176	0.72	0.82429
0.73	0.11411	0.73	0.35218	0.73	0.52185	0.73	0.62804	0.73	0.6983	0.73	0.7485	0.73	0.78482	0.73	0.81221	0.73	0.83575
0.75	0.11121	0.75	0.35101	0.75	0.52366	0.75	0.63267	0.75	0.70446	0.75	0.75617	0.75	0.79364	0.75	0.8225	0.75	0.84708
0.77	0.10838	0.77	0.34978	0.77	0.52532	0.77	0.63717	0.77	0.71048	0.77	0.76369	0.77	0.80231	0.77	0.83261	0.77	0.85827
0.78	0.10564	0.78	0.34852	0.78	0.52685	0.78	0.64152	0.78	0.71638	0.78	0.77107	0.78	0.81082	0.78	0.84257	0.78	0.86934
0.79	0.10297	0.79	0.34722	0.79	0.52825	0.79	0.64574	0.79	0.72215	0.79	0.7783	0.79	0.81919	0.79	0.85237	0.79	0.88028
0.81	0.1004	0.81	0.34589	0.81	0.52953	0.81	0.64984	0.81	0.72781	0.81	0.7854	0.81	0.82741	0.81	0.86202	0.81	0.89109
0.82	0.09791	0.82	0.34454	0.82	0.53069	0.82	0.65381	0.82	0.73335	0.82	0.79237	0.82	0.83549	0.82	0.87152	0.82	0.90178
0.84	0.09552	0.84	0.34316	0.84	0.53174	0.84	0.65766	0.84	0.73878	0.84	0.79921	0.84	0.84343	0.84	0.88088	0.84	0.91236
0.85	0.09322	0.85	0.34178	0.85	0.53268	0.85	0.66139	0.85	0.7441	0.85	0.80593	0.85	0.85124	0.85	0.89009	0.85	0.92281
0.87	0.09102	0.87	0.34039	0.87	0.53353	0.87	0.66501	0.87	0.74931	0.87	0.81253	0.87	0.85892	0.87	0.89917	0.87	0.93315
0.89	0.08892	0.89	0.33899	0.89	0.53427	0.89	0.66851	0.89	0.75443	0.89	0.81901	0.89	0.86648	0.89	0.90812	0.89	0.94337
0.9	0.0869	0.9	0.33758	0.9	0.53492	0.9	0.6719	0.9	0.75944	0.9	0.82537	0.9	0.87391	0.9	0.91693	0.9	0.95348
0.91	0.08499	0.91	0.33617	0.91	0.53548	0.91	0.67518	0.91	0.76435	0.91	0.83162	0.91	0.88122	0.91	0.92563	0.91	0.96349
0.93	0.08316	0.93	0.33476	0.93	0.53596	0.93	0.67836	0.93	0.76916	0.93	0.83775	0.93	0.88842	0.93	0.9342	0.93	0.97338
0.94	0.08142	0.94	0.33335	0.94	0.53635	0.94	0.68143	0.94	0.77388	0.94	0.84378	0.94	0.89551	0.94	0.94266	0.94	0.98316
0.96	0.07976	0.96	0.33194	0.96	0.53667	0.96	0.68439	0.96	0.77849	0.96	0.8497	0.96	0.90248	0.96	0.951	0.96	0.99284
0.97	0.07819	0.97	0.33053	0.97	0.5369	0.97	0.68724	0.97	0.78301	0.97	0.85552	0.97	0.90934	0.97	0.95923	0.97	1.00241
0.99	0.07668	0.99	0.32912	0.99	0.53706	0.99	0.69	0.99	0.78743	0.99	0.86122	0.99	0.9161	0.99	0.96737	0.99	1.01188
1	0.07525	1	0.3277	1	0.53715	1	0.69264	1	0.79175	1	0.86683	1	0.92276	1	0.9754	1	1.02124
1.02	0.07388	1.02	0.32627	1.02	0.53716	1.02	0.69518	1.02	0.79596	1.02	0.87232	1.02	0.92931	1.02	0.98333	1.02	1.0305
1.03	0.07256	1.03	0.32483	1.03	0.5371	1.03	0.69761	1.03	0.80008	1.03	0.87772	1.03	0.93576	1.03	0.99117	1.03	1.03965
1.05	0.07128	1.05	0.32338	1.05	0.53697	1.05	0.69993	1.05	0.80408	1.05	0.88301	1.05	0.94212	1.05	0.99892	1.05	1.04871
1.06	0.07005	1.06	0.32191	1.06	0.53677	1.06	0.70214	1.06	0.80798	1.06	0.8882	1.06	0.94837	1.06	1.00659	1.06	1.05765
1.08	0.06884	1.08	0.32041	1.08	0.5365	1.08	0.70424	1.08	0.81177	1.08	0.89328	1.08	0.95453	1.08	1.01418	1.08	1.0665
1.09	0.06764	1.09	0.31888	1.09	0.53615	1.09	0.70622	1.09	0.81544	1.09	0.89825	1.09	0.9606	1.09	1.02168	1.09	1.07525
1.11	0.06645	1.11	0.31732	1.11	0.53573	1.11	0.70808	1.11	0.819	1.11	0.90312	1.11	0.96657	1.11	1.02912	1.11	1.08389
1.12	0.06525	1.12	0.31571	1.12	0.53524	1.12	0.70982	1.12	0.82243	1.12	0.90788	1.12	0.97245	1.12	1.03649	1.12	1.09242
1.14	0.06403	1.14	0.31405	1.14	0.53467	1.14	0.71144	1.14	0.82573	1.14	0.91253	1.14	0.97824	1.14	1.04379	1.14	1.10086
1.16	0.06277	1.16	0.31233	1.16	0.53402	1.16	0.71293	1.16	0.8289	1.16	0.91707	1.16	0.98394	1.16	1.05103	1.16	1.10918
1.17	0.06147	1.17	0.31054	1.17	0.53329	1.17	0.71429	1.17	0.83193	1.17	0.9215	1.17	0.98955	1.17	1.05821	1.17	1.11741
1.19	0.0601	1.19	0.30867	1.19	0.53247	1.19	0.71551	1.19	0.83482	1.19	0.92581	1.19	0.99506	1.19	1.06534	1.19	1.12552
1.2	0.05865	1.2	0.30672	1.2	0.53157	1.2	0.71658	1.2	0.83756	1.2	0.93	1.2	1.00049	1.2	1.07242	1.2	1.13353
1.21	0.0571	1.21	0.30466	1.21	0.53058	1.21	0.71751	1.21	0.84014	1.21	0.93406	1.21	1.00582	1.21	1.07945	1.21	1.14143
1.23	0.05544	1.23	0.30249	1.23	0.5295	1.23	0.71829	1.23	0.84255	1.23	0.93801	1.23	1.01107	1.23	1.08644	1.23	1.14922
1.24	0.05364	1.24	0.3002	1.24	0.52831	1.24	0.71891	1.24	0.8448	1.24	0.94182	1.24	1.01622	1.24	1.09339	1.24	1.1569
1.26	0.05169	1.26	0.29777	1.26	0.52703	1.26	0.71936	1.26	0.84686	1.26	0.94551	1.26	1.02128	1.26	1.10031	1.26	1.16446
1.27	0.04957	1.27	0.29519	1.27	0.52563	1.27	0.71965	1.27	0.84874	1.27	0.94905	1.27	1.02624	1.27	1.1072	1.27	1.17191
1.29	0.04726	1.29	0.29244	1.29	0.52412	1.29	0.71975	1.29	0.85042	1.29	0.95246	1.29	1.03112	1.29	1.11405	1.29	1.17924
1.3	0.04473	1.3	0.28952	1.3	0.5225	1.3	0.71967	1.3	0.85189	1.3	0.95572	1.3	1.0359	1.3	1.12089	1.3	1.18645
1.32	0.04197	1.32	0.2864	1.32	0.52074	1.32	0.7194	1.32	0.85315	1.32	0.95883	1.32	1.04058	1.32	1.12771	1.32	1.19354
1.33	0.03894	1.33	0.28307	1.33	0.51886	1.33	0.71893	1.33	0.85419	1.33	0.96179	1.33	1.04516	1.33	1.13451	1.33	1.20051
1.35	0.03563	1.35	0.27951	1.35	0.51684	1.35	0.71824	1.35	0.85499	1.35	0.96458	1.35	1.04965	1.35	1.14129	1.35	1.20735
1.36	0.03202	1.36	0.27571	1.36	0.51467	1.36	0.71734	1.36	0.85554	1.36	0.96721	1.36	1.05404	1.36	1.14807	1.36	1.21406
1.38	0.02807	1.38	0.27164	1.38	0.51235	1.38	0.71622	1.38	0.85584	1.38	0.96967	1.38	1.05832	1.38	1.15485	1.38	1.22065
1.4	0.02376	1.4	0.26729	1.4	0.50987	1.4	0.71486	1.4	0.85587	1.4	0.97195	1.4	1.0625	1.4	1.16162	1.4	1.22709
1.41	0.01907	1.41	0.26264	1.41	0.50722	1.41	0.71325	1.41	0.85562	1.41	0.97405	1.41	1.06657	1.41	1.1684	1.41	1.2334
1.43	0.01397	1.43	0.25767	1.43	0.50439	1.43	0.71138	1.43	0.85507	1.43	0.97596	1.43	1.07054	1.43	1.17518	1.43	1.23957
1.44	0.00842	1.44	0.25236	1.44	0.50137	1.44	0.70925	1.44	0.85422	1.44	0.97767	1.44	1.07439	1.44	1.18198	1.44	1.24559