0	-1.267	0.465	2.198	3.931	5.663	7.396	9.129	10.861	12.594	14.327	16.059	17.792	19.525	21.257	22.99	24.723	26.455	28.188	29.921	31.653	33.386	35.119	36.851	38.584	40.317	42.05	43.782	45.515	47.248	48.98	50.713	52.446	54.178	55.911	57.644	59.376	61.109	62.842	64.574	66.307	68.04	69.772	71.505	73.238	74.97	76.703	78.436	80.168	81.901	83.634	85.366	87.099	88.832	90.564	92.297	94.03	95.762	97.495	99.228	100.96	102.693	104.426	106.158	107.891	109.624	111.356	113.089	114.822	116.554	118.287	120.02	121.752	123.485	125.218	126.95	128.683	130.416	132.149	133.881	135.614	137.347	139.079	140.812	142.545	144.277	146.01	147.743	149.475	151.208	152.941	154.673	156.406	158.139	159.871	161.604	163.337	165.069	166.802	168.535	170.267
0	0	0	0	0	0	0	0	0	0	0	0	0	0	0	0	0	0	0	0	0	0	0	0	0	0	0	0	0	0	0	0	0	0	0	0	0	0	0	0	0	0	0	0	0	0	0	0	0	0	0	0	0	0	0	0	0	0	0	0	0	0	0	0	0	0	0	0	0	0	0	0	0	0	0	0	0	0	0	0	0	0	0	0	0	0	0	0	0	0	0	0	0	0	0	0	0	0	0	0	0
0.2	0	0	0	0	0	0	0	0.307	0.5	0.643	0.774	0.912	1.068	1.25	1.465	1.711	1.976	2.254	2.538	2.822	3.106	3.388	3.674	3.973	4.296	4.656	5.066	5.544	6.116	6.826	7.749	8.744	9.707	10.705	12.191	13.543	13.883	13.883	13.883	13.883	13.883	13.883	13.883	13.883	13.883	13.883	13.883	13.883	13.883	13.883	13.883	13.883	13.883	13.883	13.883	13.883	13.883	13.883	13.883	13.883	13.883	13.883	13.883	13.883	13.883	13.883	13.883	13.883	13.883	13.883	13.883	13.883	13.883	13.883	13.883	11.532	7.263	5.25	4.189	3.509	3.044	2.709	2.457	2.247	2.059	1.888	1.728	1.576	1.431	1.291	1.16	1.041	0.926	0.809	0.679	0.523	0.34	0.125	0	0
0.4	0	0	0	0	0	0	0	0.76	1.036	1.271	1.499	1.735	1.986	2.253	2.531	2.814	3.102	3.401	3.713	4.043	4.394	4.774	5.189	5.653	6.18	6.781	7.42	8.061	8.708	9.365	10.034	10.766	11.731	12.917	13.458	13.775	13.972	13.972	13.972	13.972	13.972	13.972	13.972	13.972	13.972	13.972	13.972	13.972	13.972	13.972	13.972	13.972	13.972	13.972	13.972	13.972	13.972	13.972	13.972	13.972	13.972	13.972	13.972	13.972	13.972	13.972	13.972	13.972	13.972	13.972	13.972	13.972	13.972	13.972	13.972	13.448	11.546	9.348	7.331	6.137	5.362	4.804	4.366	4.004	3.686	3.398	3.129	2.872	2.624	2.381	2.152	1.938	1.731	1.52	1.289	1.019	0.71	0.353	0	0
0.6	0	0	0	0	0	0	0.727	1.187	1.528	1.838	2.14	2.443	2.749	3.055	3.357	3.666	3.99	4.333	4.698	5.092	5.522	5.995	6.503	7.036	7.593	8.157	8.727	9.302	9.887	10.533	11.287	12.177	12.917	13.343	13.644	13.859	13.998	13.998	13.998	13.998	13.998	13.998	13.998	13.998	13.998	13.998	13.998	13.998	13.998	13.998	13.998	13.998	13.998	13.998	13.998	13.998	13.998	13.998	13.998	13.998	13.998	13.998	13.998	13.998	13.998	13.998	13.998	13.998	13.998	13.998	13.998	13.998	13.998	13.998	13.998	13.709	12.809	11.547	10.138	8.529	7.31	6.451	5.82	5.339	4.946	4.589	4.255	3.935	3.623	3.313	3.016	2.733	2.455	2.17	1.861	1.504	1.099	0.638	0	0
0.8	0	0	0	0	0	0	1.051	1.532	1.934	2.314	2.683	3.045	3.396	3.737	4.066	4.4	4.756	5.135	5.541	5.971	6.425	6.904	7.407	7.934	8.476	9.02	9.578	10.171	10.821	11.545	12.305	12.828	13.211	13.506	13.729	13.891	14	14	14	14	14	14	14	14	14	14	14	14	14	14	14	14	14	14	14	14	14	14	14	14	14	14	14	14	14	14	14	14	14	14	14	14	14	14	14	13.806	13.338	12.421	11.501	10.449	9.23	8.06	7.178	6.512	5.985	5.542	5.15	4.789	4.442	4.095	3.755	3.424	3.094	2.751	2.379	1.952	1.474	0.932	0.291	0
1	0	0	0	0	0	0	1.262	1.802	2.286	2.737	3.164	3.572	3.959	4.327	4.675	5.027	5.398	5.79	6.204	6.643	7.104	7.589	8.093	8.615	9.16	9.726	10.321	10.959	11.647	12.249	12.702	13.066	13.359	13.591	13.768	13.9	14	14	14	14	14	14	14	14	14	14	14	14	14	14	14	14	14	14	14	14	14	14	14	14	14	14	14	14	14	14	14	14	14	14	14	14	14	14	14	13.847	13.525	12.93	12.153	11.401	10.539	9.549	8.521	7.669	7.003	6.453	5.977	5.548	5.146	4.758	4.383	4.017	3.648	3.262	2.843	2.367	1.832	1.226	0.505	0
1.2	0	0	0	0	0	0	1.452	2.06	2.612	3.12	3.593	4.036	4.449	4.832	5.187	5.545	5.925	6.327	6.753	7.201	7.67	8.159	8.673	9.213	9.78	10.372	10.996	11.622	12.132	12.555	12.909	13.205	13.446	13.637	13.786	13.907	14	14	14	14	14	14	14	14	14	14	14	14	14	14	14	14	14	14	14	14	14	14	14	14	14	14	14	14	14	14	14	14	14	14	14	14	14	14	14	13.858	13.619	13.196	12.574	11.914	11.248	10.493	9.639	8.789	8	7.343	6.783	6.286	5.828	5.393	4.977	4.573	4.166	3.743	3.283	2.762	2.18	1.52	0.73	0
1.4	0	0	0	0	0	0.875	1.636	2.305	2.914	3.468	3.975	4.441	4.868	5.261	5.625	5.993	6.383	6.797	7.233	7.691	8.172	8.676	9.206	9.763	10.348	10.956	11.508	11.981	12.389	12.74	13.041	13.293	13.498	13.663	13.8	13.913	14	14	14	14	14	14	14	14	14	14	14	14	14	14	14	14	14	14	14	14	14	14	14	14	14	14	14	14	14	14	14	14	14	14	14	14	14	14	14	13.861	13.667	13.337	12.856	12.266	11.666	11.043	10.351	9.618	8.897	8.205	7.565	7	6.486	6.005	5.548	5.105	4.661	4.199	3.7	3.14	2.517	1.8	0.932	0
1.6	0	0	0	0	0	1.03	1.81	2.533	3.189	3.777	4.308	4.792	5.234	5.64	6.015	6.394	6.796	7.222	7.67	8.141	8.634	9.151	9.693	10.264	10.835	11.348	11.804	12.206	12.56	12.867	13.129	13.349	13.531	13.684	13.812	13.918	14	14	14	14	14	14	14	14	14	14	14	14	14	14	14	14	14	14	14	14	14	14	14	14	14	14	14	14	14	14	14	14	14	14	14	14	14	14	14	13.864	13.689	13.42	13.026	12.523	11.969	11.395	10.793	10.173	9.532	8.896	8.277	7.682	7.117	6.59	6.093	5.612	5.131	4.632	4.095	3.499	2.819	2.035	1.109	0
1.8	0	0	0	0	0	1.162	1.97	2.739	3.433	4.05	4.604	5.107	5.565	5.984	6.371	6.763	7.178	7.616	8.075	8.555	9.058	9.583	10.13	10.659	11.155	11.604	12.007	12.366	12.681	12.956	13.189	13.388	13.559	13.702	13.822	13.922	14	14	14	14	14	14	14	14	14	14	14	14	14	14	14	14	14	14	14	14	14	14	14	14	14	14	14	14	14	14	14	14	14	14	14	14	14	14	14	13.867	13.697	13.47	13.135	12.704	12.2	11.664	11.098	10.535	9.974	9.396	8.816	8.244	7.684	7.138	6.608	6.091	5.574	5.038	4.46	3.809	3.07	2.235	1.265	0
2	0	0	0	0	0	1.272	2.113	2.924	3.652	4.296	4.874	5.395	5.868	6.302	6.704	7.108	7.534	7.981	8.447	8.934	9.442	9.958	10.458	10.935	11.384	11.792	12.158	12.484	12.771	13.019	13.236	13.424	13.583	13.718	13.831	13.925	14	14	14	14	14	14	14	14	14	14	14	14	14	14	14	14	14	14	14	14	14	14	14	14	14	14	14	14	14	14	14	14	14	14	14	14	14	14	14	13.869	13.703	13.496	13.208	12.828	12.377	11.875	11.342	10.802	10.273	9.753	9.217	8.675	8.133	7.594	7.056	6.517	5.968	5.393	4.77	4.069	3.282	2.407	1.404	0.182
2.2	0	0	0	0	0.343	1.364	2.241	3.091	3.852	4.523	5.122	5.662	6.153	6.603	7.017	7.431	7.865	8.317	8.787	9.276	9.766	10.246	10.707	11.146	11.56	11.936	12.274	12.574	12.838	13.073	13.278	13.454	13.605	13.732	13.839	13.929	14	14	14	14	14	14	14	14	14	14	14	14	14	14	14	14	14	14	14	14	14	14	14	14	14	14	14	14	14	14	14	14	14	14	14	14	14	14	14	13.871	13.71	13.51	13.255	12.917	12.508	12.044	11.541	11.024	10.509	10.004	9.508	9.001	8.484	7.961	7.425	6.873	6.3	5.693	5.03	4.288	3.464	2.557	1.53	0.299
2.4	0	0	0	0	0.451	1.445	2.356	3.243	4.036	4.733	5.355	5.915	6.424	6.888	7.312	7.732	8.17	8.625	9.093	9.565	10.029	10.478	10.906	11.314	11.7	12.05	12.363	12.645	12.898	13.121	13.315	13.482	13.624	13.744	13.845	13.931	14	14	14	14	14	14	14	14	14	14	14	14	14	14	14	14	14	14	14	14	14	14	14	14	14	14	14	14	14	14	14	14	14	14	14	14	14	14	14	13.873	13.715	13.521	13.284	12.981	12.607	12.177	11.703	11.209	10.71	10.214	9.725	9.24	8.751	8.249	7.723	7.166	6.576	5.942	5.248	4.473	3.619	2.691	1.652	0.416
2.6	0	0	0	0	0.491	1.515	2.459	3.383	4.208	4.932	5.578	6.158	6.683	7.158	7.589	8.013	8.452	8.903	9.359	9.812	10.25	10.671	11.07	11.451	11.812	12.141	12.441	12.711	12.952	13.164	13.348	13.506	13.64	13.754	13.851	13.934	14	14	14	14	14	14	14	14	14	14	14	14	14	14	14	14	14	14	14	14	14	14	14	14	14	14	14	14	14	14	14	14	14	14	14	14	14	14	14	13.875	13.72	13.531	13.303	13.025	12.682	12.282	11.836	11.362	10.879	10.395	9.913	9.433	8.953	8.469	7.958	7.402	6.801	6.148	5.43	4.63	3.757	2.819	1.772	0.533
2.8	0	0	0	0	0.523	1.575	2.552	3.513	4.371	5.124	5.792	6.391	6.93	7.415	7.85	8.274	8.71	9.153	9.594	10.026	10.44	10.834	11.208	11.565	11.909	12.226	12.513	12.772	13.002	13.203	13.377	13.527	13.654	13.763	13.856	13.935	14	14	14	14	14	14	14	14	14	14	14	14	14	14	14	14	14	14	14	14	14	14	14	14	14	14	14	14	14	14	14	14	14	14	14	14	14	14	14	13.876	13.724	13.541	13.319	13.055	12.739	12.365	11.944	11.49	11.022	10.549	10.075	9.601	9.127	8.649	8.143	7.588	6.982	6.317	5.584	4.771	3.889	2.944	1.891	0.65
3	0	0	0	0	0.549	1.627	2.637	3.637	4.529	5.308	5.999	6.614	7.166	7.658	8.094	8.516	8.947	9.379	9.805	10.215	10.606	10.976	11.33	11.672	12.001	12.305	12.58	12.828	13.046	13.238	13.403	13.545	13.667	13.77	13.86	13.937	14	14	14	14	14	14	14	14	14	14	14	14	14	14	14	14	14	14	14	14	14	14	14	14	14	14	14	14	14	14	14	14	14	14	14	14	14	14	14	13.878	13.728	13.549	13.333	13.078	12.781	12.432	12.034	11.598	11.141	10.679	10.213	9.746	9.276	8.803	8.301	7.746	7.136	6.464	5.723	4.903	4.015	3.065	2.008	0.767
3.2	0	0	0	0	0.568	1.672	2.718	3.757	4.681	5.487	6.197	6.829	7.391	7.888	8.324	8.743	9.166	9.586	9.995	10.384	10.754	11.106	11.444	11.772	12.087	12.378	12.642	12.878	13.087	13.269	13.426	13.561	13.677	13.776	13.863	13.938	14	14	14	14	14	14	14	14	14	14	14	14	14	14	14	14	14	14	14	14	14	14	14	14	14	14	14	14	14	14	14	14	14	14	14	14	14	14	14	13.88	13.732	13.556	13.347	13.099	12.812	12.484	12.109	11.692	11.247	10.789	10.329	9.868	9.403	8.934	8.433	7.88	7.268	6.593	5.847	5.025	4.135	3.182	2.123	0.883
3.4	0	0	0	0	0.581	1.713	2.794	3.871	4.827	5.659	6.389	7.035	7.606	8.108	8.542	8.956	9.371	9.777	10.168	10.539	10.892	11.229	11.553	11.866	12.168	12.447	12.699	12.924	13.123	13.295	13.445	13.574	13.684	13.781	13.865	13.939	14	14	14	14	14	14	14	14	14	14	14	14	14	14	14	14	14	14	14	14	14	14	14	14	14	14	14	14	14	14	14	14	14	14	14	14	14	14	14	13.881	13.735	13.563	13.359	13.119	12.84	12.525	12.171	11.772	11.34	10.888	10.429	9.969	9.508	9.041	8.542	7.99	7.378	6.702	5.956	5.136	4.248	3.295	2.235	0.994
3.6	0	0	0	0	0.59	1.75	2.866	3.98	4.969	5.825	6.574	7.233	7.812	8.316	8.749	9.157	9.562	9.954	10.329	10.685	11.023	11.345	11.654	11.954	12.244	12.51	12.751	12.965	13.154	13.318	13.461	13.584	13.691	13.785	13.868	13.94	14	14	14	14	14	14	14	14	14	14	14	14	14	14	14	14	14	14	14	14	14	14	14	14	14	14	14	14	14	14	14	14	14	14	14	14	14	14	14	13.883	13.739	13.57	13.37	13.137	12.867	12.562	12.222	11.841	11.423	10.979	10.522	10.059	9.594	9.126	8.629	8.078	7.468	6.794	6.051	5.236	4.353	3.403	2.341	1.088
3.8	0	0	0	0	0.597	1.785	2.934	4.086	5.106	5.985	6.751	7.422	8.009	8.516	8.946	9.348	9.742	10.121	10.481	10.822	11.146	11.454	11.75	12.037	12.314	12.568	12.798	13.002	13.181	13.337	13.474	13.593	13.698	13.79	13.87	13.941	14	14	14	14	14	14	14	14	14	14	14	14	14	14	14	14	14	14	14	14	14	14	14	14	14	14	14	14	14	14	14	14	14	14	14	14	14	14	14	13.884	13.742	13.575	13.381	13.153	12.892	12.596	12.267	11.901	11.497	11.062	10.609	10.145	9.675	9.201	8.699	8.147	7.538	6.867	6.13	5.323	4.447	3.496	2.426	1.166
4	0	0	0	0	0.602	1.816	2.999	4.187	5.237	6.137	6.92	7.604	8.198	8.707	9.134	9.528	9.912	10.278	10.625	10.952	11.261	11.556	11.839	12.113	12.378	12.621	12.84	13.034	13.204	13.354	13.486	13.602	13.704	13.794	13.873	13.942	14	14	14	14	14	14	14	14	14	14	14	14	14	14	14	14	14	14	14	14	14	14	14	14	14	14	14	14	14	14	14	14	14	14	14	14	14	14	14	13.886	13.746	13.581	13.39	13.169	12.915	12.628	12.311	11.955	11.563	11.138	10.69	10.226	9.753	9.273	8.765	8.208	7.598	6.928	6.195	5.393	4.522	3.569	2.494	1.23
4.2	0	0	0	0	0.605	1.845	3.06	4.279	5.354	6.277	7.08	7.778	8.38	8.891	9.314	9.701	10.074	10.427	10.76	11.073	11.37	11.652	11.922	12.185	12.438	12.669	12.877	13.062	13.226	13.37	13.498	13.61	13.71	13.798	13.875	13.943	14	14	14	14	14	14	14	14	14	14	14	14	14	14	14	14	14	14	14	14	14	14	14	14	14	14	14	14	14	14	14	14	14	14	14	14	14	14	14	13.888	13.749	13.587	13.399	13.183	12.936	12.659	12.352	12.007	11.624	11.208	10.765	10.302	9.826	9.34	8.825	8.264	7.65	6.979	6.246	5.447	4.577	3.623	2.546	1.282
4.4	0	0	0	0	0.606	1.871	3.107	4.349	5.456	6.407	7.231	7.944	8.554	9.067	9.487	9.866	10.227	10.568	10.887	11.188	11.471	11.741	12	12.25	12.492	12.712	12.911	13.088	13.246	13.385	13.509	13.618	13.715	13.801	13.877	13.944	14	14	14	14	14	14	14	14	14	14	14	14	14	14	14	14	14	14	14	14	14	14	14	14	14	14	14	14	14	14	14	14	14	14	14	14	14	14	14	13.89	13.753	13.593	13.408	13.196	12.957	12.688	12.39	12.056	11.682	11.274	10.836	10.375	9.897	9.404	8.882	8.313	7.694	7.02	6.285	5.485	4.616	3.662	2.585	1.326
4.6	0	0	0	0	0.606	1.884	3.121	4.393	5.541	6.526	7.375	8.104	8.723	9.238	9.653	10.023	10.372	10.7	11.007	11.295	11.566	11.823	12.07	12.309	12.54	12.751	12.942	13.112	13.264	13.399	13.519	13.626	13.721	13.805	13.879	13.945	14	14	14	14	14	14	14	14	14	14	14	14	14	14	14	14	14	14	14	14	14	14	14	14	14	14	14	14	14	14	14	14	14	14	14	14	14	14	14	13.892	13.757	13.599	13.417	13.209	12.976	12.715	12.427	12.102	11.737	11.336	10.903	10.444	9.964	9.465	8.934	8.358	7.731	7.051	6.313	5.511	4.64	3.686	2.613	1.362
4.8	0	0	0	0	0.604	1.856	3.1	4.407	5.608	6.632	7.509	8.256	8.886	9.403	9.813	10.172	10.51	10.825	11.12	11.394	11.652	11.897	12.133	12.363	12.585	12.787	12.97	13.135	13.281	13.412	13.529	13.633	13.726	13.808	13.881	13.946	14	14	14	14	14	14	14	14	14	14	14	14	14	14	14	14	14	14	14	14	14	14	14	14	14	14	14	14	14	14	14	14	14	14	14	14	14	14	14	13.894	13.761	13.606	13.426	13.222	12.993	12.74	12.462	12.145	11.789	11.394	10.966	10.509	10.027	9.522	8.982	8.396	7.762	7.074	6.329	5.523	4.651	3.699	2.631	1.391
5	0	0	0	0	0.579	1.783	3.036	4.383	5.651	6.724	7.635	8.405	9.046	9.562	9.965	10.314	10.64	10.943	11.222	11.483	11.729	11.964	12.19	12.411	12.625	12.82	12.997	13.155	13.298	13.425	13.538	13.64	13.73	13.811	13.883	13.947	14	14	14	14	14	14	14	14	14	14	14	14	14	14	14	14	14	14	14	14	14	14	14	14	14	14	14	14	14	14	14	14	14	14	14	14	14	14	14	13.895	13.765	13.612	13.436	13.235	13.011	12.764	12.494	12.187	11.838	11.45	11.026	10.57	10.085	9.574	9.025	8.43	7.785	7.088	6.336	5.524	4.649	3.7	2.638	1.404
5.2	0	0	0	0	0.491	1.659	2.922	4.311	5.667	6.8	7.755	8.552	9.201	9.716	10.111	10.449	10.762	11.049	11.315	11.563	11.799	12.024	12.243	12.456	12.662	12.851	13.021	13.175	13.313	13.436	13.547	13.646	13.735	13.814	13.885	13.948	14	14	14	14	14	14	14	14	14	14	14	14	14	14	14	14	14	14	14	14	14	14	14	14	14	14	14	14	14	14	14	14	14	14	14	14	14	14	14	13.897	13.77	13.619	13.445	13.249	13.029	12.788	12.525	12.225	11.884	11.502	11.082	10.626	10.139	9.622	9.064	8.457	7.8	7.092	6.33	5.51	4.63	3.681	2.624	1.394
5.4	0	0	0	0	0.348	1.481	2.748	4.179	5.648	6.868	7.877	8.698	9.353	9.865	10.251	10.576	10.873	11.145	11.398	11.636	11.862	12.079	12.29	12.496	12.696	12.879	13.044	13.193	13.327	13.447	13.556	13.652	13.739	13.817	13.886	13.948	14	14	14	14	14	14	14	14	14	14	14	14	14	14	14	14	14	14	14	14	14	14	14	14	14	14	14	14	14	14	14	14	14	14	14	14	14	14	14	13.899	13.774	13.626	13.455	13.262	13.047	12.811	12.555	12.262	11.927	11.551	11.134	10.679	10.189	9.665	9.097	8.479	7.809	7.087	6.312	5.48	4.59	3.64	2.587	1.363
5.6	0	0	0	0	0.162	1.247	2.505	3.972	5.603	6.939	8.001	8.842	9.501	10.007	10.382	10.692	10.973	11.232	11.474	11.702	11.92	12.129	12.333	12.533	12.727	12.905	13.065	13.21	13.34	13.458	13.563	13.658	13.743	13.82	13.888	13.949	14	14	14	14	14	14	14	14	14	14	14	14	14	14	14	14	14	14	14	14	14	14	14	14	14	14	14	14	14	14	14	14	14	14	14	14	14	14	14	13.901	13.778	13.633	13.466	13.276	13.065	12.834	12.584	12.298	11.968	11.596	11.182	10.728	10.235	9.704	9.126	8.495	7.811	7.073	6.28	5.432	4.53	3.575	2.526	1.311
5.8	0	0	0	0	0	0.964	2.187	3.72	5.561	7.018	8.129	8.985	9.644	10.143	10.503	10.797	11.064	11.312	11.543	11.762	11.972	12.175	12.373	12.567	12.756	12.929	13.084	13.225	13.353	13.467	13.571	13.664	13.747	13.822	13.89	13.95	14	14	14	14	14	14	14	14	14	14	14	14	14	14	14	14	14	14	14	14	14	14	14	14	14	14	14	14	14	14	14	14	14	14	14	14	14	14	14	13.903	13.782	13.64	13.476	13.29	13.084	12.858	12.613	12.332	12.007	11.638	11.226	10.772	10.276	9.739	9.152	8.507	7.806	7.049	6.236	5.366	4.446	3.485	2.44	1.238
6	0	0	0	0	0	0.651	1.826	3.484	5.535	7.111	8.261	9.127	9.783	10.27	10.614	10.892	11.147	11.384	11.606	11.817	12.02	12.217	12.409	12.599	12.783	12.951	13.103	13.24	13.364	13.477	13.578	13.669	13.751	13.825	13.891	13.951	14	14	14	14	14	14	14	14	14	14	14	14	14	14	14	14	14	14	14	14	14	14	14	14	14	14	14	14	14	14	14	14	14	14	14	14	14	14	14	13.905	13.786	13.647	13.486	13.304	13.102	12.881	12.642	12.365	12.044	11.677	11.266	10.811	10.312	9.768	9.172	8.513	7.794	7.015	6.177	5.281	4.338	3.368	2.329	1.145
6.2	0	0	0	0	0	0.341	1.499	3.296	5.545	7.221	8.399	9.268	9.915	10.386	10.715	10.98	11.223	11.449	11.663	11.867	12.064	12.255	12.443	12.627	12.807	12.971	13.12	13.254	13.376	13.486	13.585	13.675	13.756	13.828	13.893	13.951	14	14	14	14	14	14	14	14	14	14	14	14	14	14	14	14	14	14	14	14	14	14	14	14	14	14	14	14	14	14	14	14	14	14	14	14	14	14	14	13.907	13.791	13.654	13.496	13.318	13.12	12.904	12.67	12.397	12.079	11.714	11.303	10.846	10.342	9.791	9.184	8.513	7.775	6.971	6.103	5.174	4.204	3.224	2.193	1.031
6.4	0	0	0	0	0	0.076	1.231	3.194	5.612	7.353	8.543	9.407	10.039	10.493	10.807	11.06	11.292	11.509	11.715	11.913	12.104	12.291	12.474	12.655	12.831	12.991	13.136	13.268	13.387	13.495	13.593	13.681	13.76	13.831	13.895	13.952	14	14	14	14	14	14	14	14	14	14	14	14	14	14	14	14	14	14	14	14	14	14	14	14	14	14	14	14	14	14	14	14	14	14	14	14	14	14	14	13.909	13.795	13.661	13.507	13.332	13.138	12.927	12.697	12.429	12.113	11.75	11.338	10.877	10.368	9.809	9.19	8.504	7.746	6.917	6.016	5.045	4.04	3.049	2.03	0.898
6.6	0	0	0	0	0	0	1.048	3.219	5.749	7.51	8.695	9.542	10.155	10.592	10.892	11.133	11.355	11.564	11.763	11.955	12.142	12.325	12.504	12.681	12.854	13.011	13.153	13.282	13.399	13.505	13.6	13.687	13.765	13.835	13.897	13.953	14	14	14	14	14	14	14	14	14	14	14	14	14	14	14	14	14	14	14	14	14	14	14	14	14	14	14	14	14	14	14	14	14	14	14	14	14	14	14	13.911	13.799	13.668	13.517	13.346	13.157	12.949	12.725	12.46	12.146	11.783	11.37	10.906	10.39	9.821	9.19	8.487	7.708	6.852	5.916	4.902	3.86	2.847	1.84	0.746
6.8	0	0	0	0	0	0	1.003	3.399	5.963	7.694	8.852	9.673	10.264	10.684	10.97	11.2	11.413	11.615	11.809	11.996	12.179	12.358	12.534	12.707	12.876	13.03	13.17	13.296	13.411	13.514	13.608	13.693	13.769	13.838	13.899	13.954	14	14	14	14	14	14	14	14	14	14	14	14	14	14	14	14	14	14	14	14	14	14	14	14	14	14	14	14	14	14	14	14	14	14	14	14	14	14	14	13.913	13.804	13.676	13.528	13.361	13.175	12.972	12.752	12.49	12.179	11.816	11.4	10.932	10.408	9.828	9.183	8.462	7.661	6.776	5.803	4.743	3.666	2.635	1.631	0.576
7	0	0	0	0	0	0	1.203	3.736	6.247	7.902	9.013	9.8	10.366	10.769	11.042	11.261	11.468	11.664	11.854	12.037	12.215	12.39	12.563	12.733	12.899	13.05	13.186	13.31	13.423	13.524	13.616	13.699	13.774	13.841	13.901	13.955	14	14	14	14	14	14	14	14	14	14	14	14	14	14	14	14	14	14	14	14	14	14	14	14	14	14	14	14	14	14	14	14	14	14	14	14	14	14	14	13.915	13.809	13.683	13.539	13.375	13.194	12.995	12.779	12.52	12.21	11.847	11.429	10.955	10.424	9.832	9.171	8.431	7.605	6.688	5.676	4.568	3.459	2.411	1.412	0.392
7.2	0	0	0	0	0	0	1.726	4.219	6.59	8.128	9.176	9.923	10.462	10.847	11.108	11.32	11.521	11.712	11.897	12.076	12.251	12.422	12.591	12.758	12.921	13.069	13.203	13.324	13.434	13.534	13.624	13.706	13.779	13.845	13.904	13.956	14	14	14	14	14	14	14	14	14	14	14	14	14	14	14	14	14	14	14	14	14	14	14	14	14	14	14	14	14	14	14	14	14	14	14	14	14	14	14	13.917	13.813	13.691	13.55	13.39	13.212	13.018	12.806	12.551	12.242	11.878	11.457	10.978	10.437	9.832	9.154	8.392	7.539	6.588	5.534	4.377	3.237	2.172	1.181	0.202
7.4	0	0	0	0	0	0	2.418	4.836	6.969	8.364	9.337	10.04	10.552	10.92	11.172	11.378	11.573	11.759	11.94	12.115	12.286	12.453	12.619	12.783	12.943	13.088	13.219	13.339	13.446	13.544	13.632	13.712	13.784	13.848	13.906	13.957	14	14	14	14	14	14	14	14	14	14	14	14	14	14	14	14	14	14	14	14	14	14	14	14	14	14	14	14	14	14	14	14	14	14	14	14	14	14	14	13.919	13.818	13.699	13.561	13.405	13.231	13.041	12.833	12.582	12.274	11.91	11.488	11.004	10.456	9.838	9.143	8.357	7.469	6.475	5.375	4.17	2.998	1.917	0.935	0
7.6	0	0	0	0	0	0.969	3.255	5.539	7.36	8.603	9.496	10.152	10.638	10.991	11.235	11.434	11.623	11.805	11.981	12.152	12.319	12.484	12.646	12.807	12.964	13.107	13.236	13.353	13.459	13.554	13.641	13.719	13.789	13.852	13.908	13.958	14	14	14	14	14	14	14	14	14	14	14	14	14	14	14	14	14	14	14	14	14	14	14	14	14	14	14	14	14	14	14	14	14	14	14	14	14	14	14	13.921	13.823	13.706	13.572	13.42	13.25	13.064	12.861	12.613	12.308	11.945	11.521	11.034	10.48	9.854	9.148	8.346	7.433	6.394	5.218	3.944	2.741	1.639	0.666	0
7.8	0	0	0	0	0	2.063	4.225	6.23	7.744	8.838	9.65	10.261	10.722	11.06	11.295	11.489	11.673	11.85	12.022	12.189	12.353	12.514	12.673	12.831	12.985	13.126	13.252	13.367	13.471	13.564	13.649	13.726	13.794	13.856	13.911	13.96	14	14	14	14	14	14	14	14	14	14	14	14	14	14	14	14	14	14	14	14	14	14	14	14	14	14	14	14	14	14	14	14	14	14	14	14	14	14	14	13.924	13.828	13.714	13.583	13.435	13.269	13.088	12.889	12.644	12.342	11.98	11.556	11.067	10.509	9.878	9.164	8.352	7.423	6.354	5.121	3.755	2.468	1.326	0.359	0
8	0	0	0	0	1.231	3.327	5.22	6.856	8.109	9.062	9.798	10.368	10.804	11.127	11.355	11.542	11.721	11.894	12.061	12.225	12.385	12.543	12.7	12.855	13.007	13.144	13.269	13.381	13.483	13.575	13.658	13.733	13.8	13.86	13.913	13.961	14	14	14	14	14	14	14	14	14	14	14	14	14	14	14	14	14	14	14	14	14	14	14	14	14	14	14	14	14	14	14	14	14	14	14	14	14	14	14	13.926	13.833	13.722	13.595	13.45	13.289	13.111	12.917	12.676	12.377	12.016	11.593	11.103	10.542	9.907	9.188	8.369	7.43	6.342	5.069	3.634	2.264	1.007	0	0
8.2	0	0	0	0.75	2.857	4.605	6.103	7.388	8.431	9.271	9.942	10.473	10.885	11.194	11.412	11.594	11.768	11.936	12.1	12.26	12.417	12.572	12.726	12.878	13.027	13.163	13.285	13.395	13.495	13.585	13.666	13.74	13.805	13.864	13.916	13.962	14	14	14	14	14	14	14	14	14	14	14	14	14	14	14	14	14	14	14	14	14	14	14	14	14	14	14	14	14	14	14	14	14	14	14	14	14	14	14	13.928	13.838	13.73	13.606	13.465	13.308	13.135	12.946	12.709	12.412	12.054	11.631	11.141	10.579	9.94	9.218	8.396	7.45	6.349	5.047	3.562	2.127	0.782	0	0
8.4	0	0	0.703	2.703	4.22	5.548	6.756	7.818	8.719	9.469	10.084	10.577	10.965	11.258	11.469	11.645	11.814	11.978	12.137	12.294	12.448	12.6	12.751	12.901	13.048	13.181	13.301	13.41	13.508	13.596	13.675	13.747	13.811	13.868	13.919	13.963	14	14	14	14	14	14	14	14	14	14	14	14	14	14	14	14	14	14	14	14	14	14	14	14	14	14	14	14	14	14	14	14	14	14	14	14	14	14	14	13.931	13.843	13.739	13.618	13.481	13.327	13.159	12.974	12.741	12.448	12.092	11.671	11.181	10.618	9.977	9.253	8.429	7.48	6.372	5.05	3.527	2.041	0.624	0	0
8.6	0	0.773	2.549	3.943	5.163	6.269	7.285	8.196	8.988	9.662	10.223	10.681	11.044	11.321	11.523	11.694	11.859	12.018	12.174	12.327	12.478	12.627	12.776	12.924	13.068	13.199	13.318	13.424	13.52	13.606	13.684	13.754	13.816	13.872	13.921	13.965	14	14	14	14	14	14	14	14	14	14	14	14	14	14	14	14	14	14	14	14	14	14	14	14	14	14	14	14	14	14	14	14	14	14	14	14	14	14	14	13.933	13.848	13.747	13.629	13.496	13.347	13.183	13.003	12.774	12.485	12.131	11.712	11.222	10.659	10.017	9.292	8.467	7.518	6.407	5.072	3.522	1.993	0.51	0	0
8.8	0.566	2.358	3.728	4.896	5.936	6.882	7.753	8.544	9.245	9.85	10.361	10.783	11.121	11.383	11.577	11.742	11.902	12.058	12.21	12.359	12.508	12.654	12.8	12.946	13.089	13.218	13.334	13.438	13.532	13.617	13.693	13.761	13.822	13.876	13.924	13.966	14	14	14	14	14	14	14	14	14	14	14	14	14	14	14	14	14	14	14	14	14	14	14	14	14	14	14	14	14	14	14	14	14	14	14	14	14	14	14	13.936	13.854	13.755	13.641	13.512	13.367	13.207	13.031	12.807	12.521	12.171	11.753	11.265	10.703	10.06	9.335	8.511	7.563	6.451	5.111	3.541	1.976	0.427	0	0
9	2.021	3.516	4.701	5.718	6.621	7.435	8.186	8.876	9.495	10.036	10.499	10.885	11.198	11.443	11.629	11.789	11.945	12.096	12.245	12.391	12.536	12.681	12.824	12.968	13.108	13.235	13.35	13.452	13.545	13.628	13.702	13.769	13.828	13.881	13.927	13.967	14	14	14	14	14	14	14	14	14	14	14	14	14	14	14	14	14	14	14	14	14	14	14	14	14	14	14	14	14	14	14	14	14	14	14	14	14	14	14	13.938	13.859	13.764	13.653	13.527	13.386	13.231	13.06	12.841	12.558	12.211	11.796	11.31	10.748	10.106	9.381	8.559	7.614	6.505	5.164	3.583	1.985	0.367	0	0
9.2	2.954	4.512	5.572	6.471	7.257	7.954	8.6	9.199	9.742	10.222	10.637	10.987	11.273	11.502	11.68	11.835	11.986	12.134	12.279	12.422	12.565	12.706	12.848	12.989	13.128	13.253	13.365	13.466	13.557	13.638	13.711	13.776	13.834	13.885	13.93	13.969	14	14	14	14	14	14	14	14	14	14	14	14	14	14	14	14	14	14	14	14	14	14	14	14	14	14	14	14	14	14	14	14	14	14	14	14	14	14	14	13.941	13.864	13.772	13.665	13.543	13.406	13.255	13.089	12.874	12.596	12.252	11.84	11.356	10.795	10.153	9.429	8.61	7.669	6.565	5.228	3.643	2.016	0.324	0	0
9.4	3.456	5.227	6.328	7.166	7.86	8.453	9.001	9.514	9.983	10.401	10.768	11.082	11.345	11.561	11.731	11.881	12.028	12.171	12.313	12.453	12.593	12.732	12.871	13.01	13.147	13.27	13.381	13.48	13.569	13.649	13.72	13.783	13.839	13.889	13.932	13.97	14	14	14	14	14	14	14	14	14	14	14	14	14	14	14	14	14	14	14	14	14	14	14	14	14	14	14	14	14	14	14	14	14	14	14	14	14	14	14	13.943	13.87	13.781	13.677	13.559	13.426	13.28	13.118	12.908	12.634	12.294	11.884	11.402	10.843	10.203	9.48	8.664	7.728	6.632	5.303	3.718	2.066	0.298	0	0
9.6	3.836	5.696	6.833	7.661	8.309	8.833	9.313	9.763	10.176	10.55	10.882	11.17	11.415	11.618	11.781	11.927	12.069	12.209	12.347	12.484	12.62	12.757	12.893	13.031	13.166	13.287	13.396	13.494	13.581	13.659	13.729	13.79	13.845	13.893	13.935	13.971	14	14	14	14	14	14	14	14	14	14	14	14	14	14	14	14	14	14	14	14	14	14	14	14	14	14	14	14	14	14	14	14	14	14	14	14	14	14	14	13.946	13.875	13.79	13.689	13.575	13.446	13.304	13.148	12.942	12.672	12.336	11.93	11.45	10.893	10.253	9.533	8.721	7.791	6.704	5.387	3.809	2.132	0.287	0	0
9.8	4.153	6.074	7.231	8.046	8.658	9.133	9.564	9.969	10.343	10.683	10.987	11.254	11.484	11.676	11.832	11.973	12.11	12.246	12.38	12.514	12.648	12.782	12.916	13.051	13.184	13.304	13.411	13.507	13.593	13.669	13.737	13.797	13.851	13.897	13.938	13.972	14	14	14	14	14	14	14	14	14	14	14	14	14	14	14	14	14	14	14	14	14	14	14	14	14	14	14	14	14	14	14	14	14	14	14	14	14	14	14	13.948	13.881	13.799	13.702	13.592	13.467	13.33	13.178	12.977	12.712	12.379	11.977	11.5	10.945	10.307	9.588	8.781	7.858	6.781	5.479	3.911	2.214	0.29	0	0
10	4.43	6.399	7.57	8.374	8.956	9.391	9.783	10.152	10.494	10.806	11.087	11.336	11.551	11.733	11.883	12.018	12.151	12.283	12.414	12.544	12.675	12.806	12.938	13.072	13.203	13.321	13.426	13.52	13.604	13.679	13.746	13.804	13.856	13.901	13.94	13.974	14	14	14	14	14	14	14	14	14	14	14	14	14	14	14	14	14	14	14	14	14	14	14	14	14	14	14	14	14	14	14	14	14	14	14	14	14	14	14	13.951	13.886	13.808	13.715	13.609	13.489	13.357	13.21	13.014	12.754	12.426	12.027	11.553	11.001	10.365	9.65	8.847	7.932	6.867	5.58	4.025	2.31	0.308	0	0
10.2	4.678	6.689	7.873	8.667	9.224	9.623	9.982	10.32	10.635	10.923	11.184	11.415	11.618	11.79	11.933	12.064	12.192	12.32	12.447	12.574	12.702	12.831	12.961	13.092	13.221	13.337	13.441	13.534	13.616	13.689	13.754	13.811	13.862	13.905	13.943	13.975	14	14	14	14	14	14	14	14	14	14	14	14	14	14	14	14	14	14	14	14	14	14	14	14	14	14	14	14	14	14	14	14	14	14	14	14	14	14	14	13.953	13.892	13.817	13.728	13.626	13.511	13.384	13.243	13.053	12.797	12.474	12.08	11.61	11.061	10.428	9.716	8.92	8.015	6.963	5.698	4.161	2.429	0.36	0	0
10.4	4.903	6.954	8.148	8.934	9.469	9.838	10.168	10.478	10.768	11.035	11.277	11.494	11.684	11.847	11.984	12.109	12.233	12.356	12.48	12.604	12.729	12.855	12.983	13.112	13.239	13.354	13.456	13.547	13.628	13.699	13.763	13.818	13.867	13.909	13.946	13.976	14	14	14	14	14	14	14	14	14	14	14	14	14	14	14	14	14	14	14	14	14	14	14	14	14	14	14	14	14	14	14	14	14	14	14	14	14	14	14	13.956	13.897	13.826	13.741	13.644	13.534	13.412	13.277	13.093	12.843	12.525	12.136	11.671	11.126	10.496	9.788	8.999	8.105	7.07	5.831	4.322	2.583	0.46	0	0
10.6	5.111	7.198	8.404	9.183	9.698	10.039	10.342	10.629	10.896	11.144	11.369	11.571	11.749	11.904	12.034	12.154	12.274	12.393	12.513	12.634	12.756	12.879	13.005	13.132	13.258	13.37	13.471	13.56	13.639	13.709	13.771	13.825	13.873	13.913	13.948	13.977	14	14	14	14	14	14	14	14	14	14	14	14	14	14	14	14	14	14	14	14	14	14	14	14	14	14	14	14	14	14	14	14	14	14	14	14	14	14	14	13.958	13.903	13.835	13.755	13.662	13.557	13.441	13.312	13.134	12.89	12.578	12.194	11.734	11.193	10.568	9.865	9.084	8.202	7.186	5.977	4.504	2.771	0.61	0	0
10.8	5.304	7.426	8.644	9.416	9.913	10.23	10.509	10.773	11.02	11.249	11.459	11.647	11.815	11.96	12.084	12.199	12.314	12.43	12.546	12.663	12.783	12.904	13.027	13.152	13.276	13.387	13.485	13.573	13.651	13.719	13.779	13.832	13.878	13.917	13.951	13.979	14	14	14	14	14	14	14	14	14	14	14	14	14	14	14	14	14	14	14	14	14	14	14	14	14	14	14	14	14	14	14	14	14	14	14	14	14	14	14	13.961	13.909	13.844	13.768	13.68	13.581	13.471	13.348	13.176	12.939	12.633	12.254	11.8	11.264	10.643	9.946	9.174	8.306	7.311	6.135	4.705	2.989	0.81	0	0
11	5.484	7.641	8.87	9.638	10.119	10.412	10.669	10.912	11.141	11.353	11.547	11.723	11.88	12.017	12.135	12.245	12.355	12.466	12.579	12.693	12.809	12.928	13.048	13.172	13.294	13.403	13.5	13.586	13.662	13.729	13.788	13.839	13.883	13.921	13.953	13.98	14	14	14	14	14	14	14	14	14	14	14	14	14	14	14	14	14	14	14	14	14	14	14	14	14	14	14	14	14	14	14	14	14	14	14	14	14	14	14	13.963	13.914	13.854	13.782	13.699	13.605	13.501	13.385	13.219	12.988	12.689	12.317	11.868	11.338	10.722	10.031	9.269	8.416	7.443	6.303	4.922	3.235	1.056	0	0
11.2	5.653	7.845	9.085	9.85	10.315	10.587	10.823	11.047	11.258	11.454	11.634	11.798	11.945	12.074	12.185	12.29	12.395	12.503	12.611	12.722	12.836	12.952	13.07	13.191	13.312	13.419	13.515	13.599	13.673	13.739	13.796	13.846	13.889	13.925	13.956	13.981	14	14	14	14	14	14	14	14	14	14	14	14	14	14	14	14	14	14	14	14	14	14	14	14	14	14	14	14	14	14	14	14	14	14	14	14	14	14	14	13.966	13.92	13.863	13.796	13.718	13.63	13.531	13.422	13.263	13.039	12.746	12.381	11.938	11.414	10.804	10.121	9.369	8.531	7.582	6.48	5.152	3.506	1.347	0	0
11.4	5.812	8.039	9.291	10.053	10.505	10.757	10.973	11.179	11.373	11.554	11.721	11.873	12.009	12.13	12.235	12.335	12.436	12.539	12.644	12.752	12.862	12.976	13.092	13.211	13.33	13.436	13.529	13.612	13.685	13.748	13.804	13.853	13.894	13.929	13.959	13.982	14	14	14	14	14	14	14	14	14	14	14	14	14	14	14	14	14	14	14	14	14	14	14	14	14	14	14	14	14	14	14	14	14	14	14	14	14	14	14	13.968	13.925	13.873	13.81	13.737	13.654	13.563	13.46	13.308	13.091	12.805	12.447	12.011	11.493	10.889	10.213	9.473	8.651	7.727	6.663	5.393	3.796	1.676	0	0
11.6	5.963	8.224	9.489	10.248	10.688	10.921	11.119	11.308	11.486	11.652	11.806	11.947	12.074	12.187	12.286	12.38	12.476	12.575	12.677	12.781	12.889	12.999	13.113	13.23	13.347	13.452	13.544	13.625	13.696	13.758	13.812	13.859	13.899	13.933	13.961	13.984	14	14	14	14	14	14	14	14	14	14	14	14	14	14	14	14	14	14	14	14	14	14	14	14	14	14	14	14	14	14	14	14	14	14	14	14	14	14	14	13.97	13.931	13.882	13.824	13.756	13.68	13.594	13.499	13.354	13.144	12.866	12.514	12.085	11.575	10.977	10.31	9.581	8.777	7.878	6.853	5.642	4.103	2.037	0	0
11.8	6.106	8.402	9.68	10.438	10.866	11.081	11.262	11.434	11.596	11.749	11.89	12.02	12.138	12.243	12.336	12.425	12.517	12.612	12.709	12.811	12.915	13.023	13.135	13.25	13.365	13.468	13.558	13.637	13.707	13.768	13.821	13.866	13.905	13.937	13.964	13.985	14	14	14	14	14	14	14	14	14	14	14	14	14	14	14	14	14	14	14	14	14	14	14	14	14	14	14	14	14	14	14	14	14	14	14	14	14	14	14	13.973	13.937	13.892	13.838	13.776	13.705	13.626	13.538	13.401	13.198	12.927	12.583	12.162	11.658	11.068	10.409	9.693	8.906	8.033	7.048	5.897	4.422	2.423	0	0
12	6.242	8.573	9.864	10.621	11.039	11.237	11.401	11.557	11.705	11.845	11.974	12.093	12.202	12.3	12.386	12.47	12.557	12.648	12.742	12.84	12.941	13.047	13.156	13.269	13.383	13.484	13.572	13.65	13.718	13.778	13.829	13.873	13.91	13.941	13.966	13.986	14	14	14	14	14	14	14	14	14	14	14	14	14	14	14	14	14	14	14	14	14	14	14	14	14	14	14	14	14	14	14	14	14	14	14	14	14	14	14	13.975	13.943	13.902	13.853	13.795	13.731	13.659	13.577	13.448	13.253	12.99	12.653	12.24	11.744	11.161	10.512	9.808	9.04	8.193	7.246	6.156	4.75	2.83	0	0
12.2	6.371	8.738	10.043	10.8	11.208	11.39	11.538	11.679	11.813	11.939	12.057	12.166	12.266	12.356	12.436	12.515	12.598	12.684	12.774	12.869	12.968	13.071	13.178	13.289	13.401	13.5	13.587	13.663	13.729	13.787	13.837	13.879	13.915	13.945	13.969	13.987	14	14	14	14	14	14	14	14	14	14	14	14	14	14	14	14	14	14	14	14	14	14	14	14	14	14	14	14	14	14	14	14	14	14	14	14	14	14	14	13.978	13.948	13.911	13.867	13.815	13.757	13.691	13.618	13.496	13.309	13.053	12.725	12.319	11.832	11.257	10.617	9.927	9.178	8.358	7.449	6.417	5.084	3.249	0.515	0
12.4	6.494	8.897	10.216	10.974	11.373	11.54	11.672	11.799	11.919	12.033	12.14	12.239	12.33	12.413	12.487	12.56	12.638	12.72	12.807	12.898	12.994	13.094	13.199	13.308	13.418	13.516	13.601	13.676	13.741	13.797	13.845	13.886	13.921	13.949	13.971	13.988	14	14	14	14	14	14	14	14	14	14	14	14	14	14	14	14	14	14	14	14	14	14	14	14	14	14	14	14	14	14	14	14	14	14	14	14	14	14	14	13.98	13.954	13.921	13.881	13.835	13.783	13.724	13.658	13.544	13.365	13.118	12.797	12.4	11.921	11.355	10.725	10.049	9.319	8.526	7.654	6.679	5.42	3.677	1.1	0
12.6	6.612	9.05	10.385	11.144	11.534	11.687	11.804	11.917	12.025	12.126	12.222	12.311	12.394	12.469	12.537	12.605	12.678	12.756	12.839	12.927	13.02	13.118	13.22	13.328	13.436	13.532	13.615	13.688	13.752	13.806	13.853	13.893	13.926	13.953	13.974	13.99	14	14	14	14	14	14	14	14	14	14	14	14	14	14	14	14	14	14	14	14	14	14	14	14	14	14	14	14	14	14	14	14	14	14	14	14	14	14	14	13.983	13.96	13.931	13.896	13.855	13.809	13.758	13.699	13.593	13.422	13.183	12.871	12.483	12.012	11.455	10.836	10.175	9.464	8.697	7.861	6.94	5.757	4.108	1.687	0
12.8	6.724	9.199	10.549	11.31	11.693	11.831	11.935	12.034	12.129	12.219	12.304	12.383	12.457	12.525	12.587	12.65	12.719	12.792	12.872	12.956	13.046	13.142	13.242	13.347	13.453	13.547	13.63	13.701	13.763	13.816	13.861	13.899	13.931	13.957	13.976	13.991	14	14	14	14	14	14	14	14	14	14	14	14	14	14	14	14	14	14	14	14	14	14	14	14	14	14	14	14	14	14	14	14	14	14	14	14	14	14	14	13.985	13.965	13.941	13.911	13.876	13.836	13.792	13.741	13.643	13.48	13.249	12.946	12.566	12.105	11.557	10.949	10.303	9.612	8.871	8.071	7.2	6.093	4.539	2.271	0
13	6.831	9.344	10.71	11.473	11.849	11.974	12.063	12.149	12.232	12.31	12.385	12.455	12.521	12.581	12.637	12.695	12.759	12.829	12.904	12.985	13.072	13.165	13.263	13.366	13.471	13.563	13.644	13.714	13.774	13.826	13.869	13.906	13.936	13.96	13.979	13.992	14	14	14	14	14	14	14	14	14	14	14	14	14	14	14	14	14	14	14	14	14	14	14	14	14	14	14	14	14	14	14	14	14	14	14	14	14	14	14	13.988	13.971	13.95	13.925	13.896	13.863	13.826	13.783	13.693	13.538	13.316	13.022	12.651	12.199	11.661	11.065	10.434	9.763	9.047	8.282	7.458	6.426	4.967	2.847	0
13.2	6.933	9.484	10.867	11.633	12.002	12.114	12.19	12.263	12.334	12.401	12.466	12.527	12.584	12.638	12.688	12.74	12.799	12.865	12.937	13.015	13.099	13.189	13.284	13.385	13.488	13.579	13.658	13.726	13.785	13.835	13.877	13.913	13.941	13.964	13.981	13.993	14	14	14	14	14	14	14	14	14	14	14	14	14	14	14	14	14	14	14	14	14	14	14	14	14	14	14	14	14	14	14	14	14	14	14	14	14	14	14	13.99	13.977	13.96	13.94	13.917	13.89	13.86	13.825	13.743	13.597	13.384	13.099	12.738	12.295	11.767	11.183	10.567	9.916	9.227	8.494	7.713	6.755	5.39	3.412	0.343
13.4	7.031	9.62	11.02	11.79	12.153	12.253	12.315	12.376	12.435	12.492	12.546	12.598	12.647	12.694	12.738	12.785	12.839	12.901	12.969	13.044	13.125	13.212	13.305	13.405	13.506	13.595	13.672	13.739	13.796	13.845	13.885	13.919	13.947	13.968	13.984	13.994	14	14	14	14	14	14	14	14	14	14	14	14	14	14	14	14	14	14	14	14	14	14	14	14	14	14	14	14	14	14	14	14	14	14	14	14	14	14	14	13.993	13.983	13.97	13.955	13.937	13.917	13.895	13.868	13.794	13.657	13.452	13.176	12.825	12.393	11.875	11.303	10.703	10.072	9.408	8.707	7.967	7.079	5.805	3.964	1.162
13.6	7.125	9.752	11.17	11.944	12.302	12.389	12.439	12.488	12.536	12.582	12.627	12.669	12.711	12.75	12.788	12.83	12.88	12.937	13.001	13.073	13.151	13.235	13.327	13.424	13.523	13.611	13.686	13.751	13.807	13.854	13.894	13.926	13.952	13.972	13.986	13.996	14	14	14	14	14	14	14	14	14	14	14	14	14	14	14	14	14	14	14	14	14	14	14	14	14	14	14	14	14	14	14	14	14	14	14	14	14	14	14	13.995	13.988	13.98	13.97	13.958	13.945	13.93	13.911	13.846	13.717	13.522	13.255	12.913	12.491	11.984	11.425	10.841	10.23	9.591	8.921	8.219	7.397	6.213	4.5	1.936
13.8	7.214	9.881	11.317	12.095	12.449	12.525	12.562	12.599	12.636	12.671	12.706	12.741	12.774	12.806	12.838	12.875	12.92	12.973	13.033	13.101	13.177	13.259	13.348	13.443	13.541	13.626	13.7	13.764	13.818	13.864	13.902	13.933	13.957	13.976	13.989	13.997	14	14	14	14	14	14	14	14	14	14	14	14	14	14	14	14	14	14	14	14	14	14	14	14	14	14	14	14	14	14	14	14	14	14	14	14	14	14	14	13.998	13.994	13.99	13.985	13.979	13.972	13.965	13.954	13.897	13.778	13.591	13.334	13.003	12.591	12.095	11.549	10.981	10.391	9.776	9.136	8.47	7.71	6.611	5.02	2.669
14	7.299	10.006	11.461	12.245	12.593	12.659	12.684	12.709	12.735	12.76	12.786	12.812	12.837	12.863	12.888	12.92	12.96	13.009	13.066	13.13	13.203	13.282	13.369	13.462	13.558	13.642	13.714	13.776	13.829	13.873	13.91	13.939	13.962	13.979	13.991	13.998	14	14	14	14	14	14	14	14	14	14	14	14	14	14	14	14	14	14	14	14	14	14	14	14	14	14	14	14	14	14	14	14	14	14	14	14	14	14	14	14	14	14	14	14	14	14	13.997	13.95	13.839	13.662	13.415	13.093	12.693	12.208	11.675	11.124	10.553	9.963	9.352	8.719	8.016	6.999	5.525	3.364
